,FP.PA,MC.PA,SAN.PA,AIR.PA,OR.PA
1,26.978865,118.860023,51.947048,26.040861,92.523727
2,27.686098,119.765694,52.776962,30.656374,96.584885
3,26.552454,113.770958,53.305756,34.709339,101.131615
4,26.296833,115.496048,58.219166,35.170002,109.209778
5,26.940962,115.106308,61.120213,35.528786,119.53923
6,27.162724,119.614288,62.607117,39.919338,117.060501
7,26.836163,108.978981,60.414238,36.879364,113.378502
8,28.692974,119.614288,60.831562,40.310001,113.109085
9,29.991674,116.025429,55.155888,39.160469,113.378502
10,31.122829,127.448524,56.885906,42.294743,114.007133
11,32.842403,124.122223,59.594753,45.451466,113.288696
12,32.356285,122.490173,59.063599,46.933289,110.594559
13,32.774391,117.060883,58.517284,50.121452,114.680664
14,31.162535,116.663605,55.239342,47.247616,109.561806
15,34.614414,119.047211,57.159058,47.948112,110.235336
16,35.473965,116.487045,57.424633,46.690811,107.496284
17,38.365532,126.845467,59.200195,44.445629,113.663452
18,38.365532,130.603851,61.723869,47.924259,117.330009
19,39.806038,125.995331,61.047134,44.581123,115.35923
20,36.268887,115.078133,61.86549,39.498116,115.863388
21,37.852692,118.165375,65.705536,42.63628,115.496727
22,39.280949,115.167595,70.474106,45.382751,115.221725
23,36.204128,121.118393,57.962509,43.360474,114.671745
24,34.348885,129.306305,61.267452,44.631226,125.763107
25,32.95174,120.424194,59.536304,37.667133,127.688049
26,35.261147,130.668228,64.525208,42.996101,145.791702
27,37.380695,149.244049,69.010483,50.401997,148.724945
28,36.326942,149.47168,72.33905,55.056873,157.066406
29,38.061848,144.302216,71.76461,56.477932,156.241394
30,36.091438,149.416351,72.401955,56.477932,160.110153
31,34.667667,144.809006,71.662903,54.062756,148.982986
32,35.865158,157.294937,79.56498,60.007797,158.620331
33,32.467625,136.976501,71.606056,53.960579,142.185638
34,32.476784,140.247726,68.942253,49.148804,144.373825
35,35.663868,156.281311,74.594711,58.855946,154.616409
36,37.970371,146.28334,68.528061,63.574825,156.059677
37,34.07431,136.757294,64.735397,58.131393,146.515442
38,33.545551,137.733109,62.169037,53.709766,146.701691
39,33.918552,142.937607,59.440254,55.530434,145.258408
40,33.31435,139.870667,57.547985,54.202087,146.608566
41,36.532684,136.829239,58.56316,50.727955,150.349976
42,36.320618,135.839081,62.764339,53.306698,160.265762
43,36.603207,128.247955,63.811977,49.22448,163.207321
44,36.080063,144.656128,64.859619,50.080891,161.546768
45,36.071629,143.053024,59.169567,49.757359,160.692795
46,36.110088,143.147324,57.944542,51.232285,159.506699
47,37.437344,156.113571,60.788654,51.527271,154.714844
48,38.494881,163.277695,65.592827,57.350849,152.817078
49,42.252796,172.501923,66.273651,59.796371,164.535736
50,40.46624,177.446838,64.196663,59.720245,159.743912
51,40.804478,180.157043,70.486801,65.962517,166.575851
52,41.657585,195.752579,73.338173,67.875168,170.940689
53,41.442322,218.134811,75.062866,71.997337,176.639969
54,41.530186,218.760803,79.312675,70.872223,183.981857
55,38.539635,210.237656,75.345695,69.834404,176.205246
56,38.250259,204.844482,72.611084,68.476509,169.153183
57,38.682091,212.115646,73.850517,68.486214,171.326767
58,41.016445,224.828125,75.975777,77.991463,173.790161
59,43.205132,246.641632,73.5159,85.110687,184.561478
60,42.785446,235.470032,69.274422,84.66452,179.489777
61,42.109295,237.878006,64.978676,80.503548,178.66864
62,42.648861,244.857315,64.318504,89.717819,176.881485
63,42.955235,238.94429,59.170414,95.382156,171.036942
64,42.741653,242.530884,59.443382,90.978714,177.123001
65,48.486256,283.846161,59.861935,96.044945,195.708557
66,48.22681,291.450073,62.990353,95.956192,202.351913
67,48.946568,279.823486,65.888893,98.86515,208.158707
68,52.36842,293.216156,71.378838,104.525291,206.190292
69,50.502808,296.453918,71.014114,104.781677,203.434525
70,52.960049,298.857758,73.480751,106.674965,204.418732
71,49.280163,263.732635,75.669044,96.350624,195.757751
72,46.629314,247.788986,76.600037,93.303619,204.61557
73,44.382545,255.257141,72.616951,82.791924,198.021423
